1613294810.089965
1613294810.156382
1613294810.207482
1613294810.248890
1613294810.285987
1613294810.319600
1613294810.350374
1613294810.378951
1613294810.406286
1613294810.432218
1613294810.457028
1613294810.480782
1613294810.504104
1613294810.526241
1613294810.547579
1613294810.568422
1613294810.588714
1613294810.608227
1613294810.627221
1613294810.645768
1613294810.663529
1613294810.680799
1613294810.697732
1613294810.714426
1613294810.730746
1613294810.746461
1613294810.761789
1613294810.776681
1613294810.791360
1613294810.805544
1613294810.819299
1613294810.832597
1613294810.845552
1613294810.858257
1613294810.870746
1613294810.883010
1613294810.895129
1613294810.907129
1613294810.919017
1613294810.930789
1613294810.942361
1613294810.953736
1613294810.964736
1613294810.975465
1613294810.985841
1613294810.996129
1613294811.006336
1613294811.016356
1613294811.026124
1613294811.035813
1613294811.045516
1613294811.055124
1613294811.064767
1613294811.074297
1613294811.083746
1613294811.093093
1613294811.102238
1613294811.110860
1613294811.118957
1613294811.126657
1613294811.134101
1613294811.141343
1613294811.148455
1613294811.155412
1613294811.162263
1613294811.169025
1613294811.175748
1613294811.182408
1613294811.189009
1613294811.195534
1613294811.202046
1613294811.208518
1613294811.214990
1613294811.221446
1613294811.227882
1613294811.234322
1613294811.240760
1613294811.247162
1613294811.253499
1613294811.259808
1613294811.266072
1613294811.272288
1613294811.278494
1613294811.284647
1613294811.290769
1613294811.296901
1613294811.303057
1613294811.309254
1613294811.315433
1613294811.321666
1613294811.327912
1613294811.334113
1613294811.340352
1613294811.346580
1613294811.352724
1613294811.358783
1613294811.364787
1613294811.370736
1613294811.376657
1613294811.382533
1613294811.388342
1613294811.394143
1613294811.399939
1613294811.405689
1613294811.411420
1613294811.417166
1613294811.422918
1613294811.428631
1613294811.434312
1613294811.439981
1613294811.445598
1613294811.451203
1613294811.456838
1613294811.462487
1613294811.468109
1613294811.473768
1613294811.479467
1613294811.485217
1613294811.490953
1613294811.496670
1613294811.502414
1613294811.508147
1613294811.513841
1613294811.519539
1613294811.525286
1613294811.531029
1613294811.536772
1613294811.542577
1613294811.548393
1613294811.554187
1613294811.559960
1613294811.565683
1613294811.571399
1613294811.577001
1613294811.582572
1613294811.588127
1613294811.593612
1613294811.599049
1613294811.604448
1613294811.609827
1613294811.615149
1613294811.620471
1613294811.625765
1613294811.631030
1613294811.636313
1613294811.641620
1613294811.646813
1613294811.651994
1613294811.657184
1613294811.662319
1613294811.667444
1613294811.672570
1613294811.677695
1613294811.682828
1613294811.688002
1613294811.693252
1613294811.698509
1613294811.703797
1613294811.709098
1613294811.714465
1613294811.719873
1613294811.725273
1613294811.730708
1613294811.736203
1613294811.741780
1613294811.747374
1613294811.753005
1613294811.758699
1613294811.764450
1613294811.770191
1613294811.775816
1613294811.781256
1613294811.786548
1613294811.791718
1613294811.796767
1613294811.801689
1613294811.806540
1613294811.811351
1613294811.816155
1613294811.820941
1613294811.825736
1613294811.830543
1613294811.835378
1613294811.840229
1613294811.845110
1613294811.850029
1613294811.854991
1613294811.859968
1613294811.864989
1613294811.870035
1613294811.875123
1613294811.880218
1613294811.885356
1613294811.890476
1613294811.895642
1613294811.900808
1613294811.906002
1613294811.911230
1613294811.916487
1613294811.921784
1613294811.927153
1613294811.932572
1613294811.938056
1613294811.943587
1613294811.949199
1613294811.954836
1613294811.960502
1613294811.966183
1613294811.971899
1613294811.977588
1613294811.983261
1613294811.988911
1613294811.994584
1613294812.000264
1613294812.005936
1613294812.011610
1613294812.017317
1613294812.023060
1613294812.028834
1613294812.034598
1613294812.040427
1613294812.046299
1613294812.052158
1613294812.058014
1613294812.063878
1613294812.069762
1613294812.075630
1613294812.081510
1613294812.087427
1613294812.093391
1613294812.099374
1613294812.105368
1613294812.111470
1613294812.117631
1613294812.123814
1613294812.129955
1613294812.136155
1613294812.142382
1613294812.148600
1613294812.154818
1613294812.161081
1613294812.167397
1613294812.173730
1613294812.180099
1613294812.186498
1613294812.192943
1613294812.199336
1613294812.205702
1613294812.212012
1613294812.218280
1613294812.224446
1613294812.230582
1613294812.236705
1613294812.242790
1613294812.248839
1613294812.254870
1613294812.260912
1613294812.266909
1613294812.272862
1613294812.278848
1613294812.284872
1613294812.290902
1613294812.296932
1613294812.303016
1613294812.309064
1613294812.315111
1613294812.321152
1613294812.327171
1613294812.333128
1613294812.339057
1613294812.345029
1613294812.351030
1613294812.357024
1613294812.363091
1613294812.369211
1613294812.375420
1613294812.381687
1613294812.387985
1613294812.394271
1613294812.400654
1613294812.407167
1613294812.413661
1613294812.420202
1613294812.426837
1613294812.433540
1613294812.440349
1613294812.447198
1613294812.454105
1613294812.461114
1613294812.468162
1613294812.475107
1613294812.481841
1613294812.488431
1613294812.494846
1613294812.501174
1613294812.507432
1613294812.513668
1613294812.519888
1613294812.526130
1613294812.532379
1613294812.538673
1613294812.544990
1613294812.551356
1613294812.557738
1613294812.564153
1613294812.570596
1613294812.577080
1613294812.583604
1613294812.590222
1613294812.596837
1613294812.603495
1613294812.610212
1613294812.616957
1613294812.623707
1613294812.630511
1613294812.637334
1613294812.644192
1613294812.651081
1613294812.657992
1613294812.664940
1613294812.671979
1613294812.679070
1613294812.686251
1613294812.693528
1613294812.700892
1613294812.708417
1613294812.715927
1613294812.723510
1613294812.731110
1613294812.738696
1613294812.746239
1613294812.753705
1613294812.761123
1613294812.768479
1613294812.775859
1613294812.783245
1613294812.790681
1613294812.798163
1613294812.805699
1613294812.813259
1613294812.820884
1613294812.828512
1613294812.836172
1613294812.843902
1613294812.851703
1613294812.859545
1613294812.867392
1613294812.875241
1613294812.883154
1613294812.891077
1613294812.899002
1613294812.906978
1613294812.915072
1613294812.923197
1613294812.931348
1613294812.939586
1613294812.948029
1613294812.956533
1613294812.965034
1613294812.973507
1613294812.982137
1613294812.990743
1613294812.999278
1613294813.007820
1613294813.016499
1613294813.025203
1613294813.033915
1613294813.042705
1613294813.051508
1613294813.060304
1613294813.069081
1613294813.077891
1613294813.086590
1613294813.095189
1613294813.103821
1613294813.112477
1613294813.121107
1613294813.129801
1613294813.138530
1613294813.147302
1613294813.156149
1613294813.165044
1613294813.173978
1613294813.182959
1613294813.191981
1613294813.201082
1613294813.210190
1613294813.219308
1613294813.228542
1613294813.237808
1613294813.247092
1613294813.256302
1613294813.265536
1613294813.274751
1613294813.283972
1613294813.293286
1613294813.302732
1613294813.312264
1613294813.321873
1613294813.331479
1613294813.341337
1613294813.351306
1613294813.361283
1613294813.371325
1613294813.381439
1613294813.391561
1613294813.401726
1613294813.412046
1613294813.422518
1613294813.432915
1613294813.443529
1613294813.454267
1613294813.465290
1613294813.476320
1613294813.487602
1613294813.498949
1613294813.510363
1613294813.521758
1613294813.533066
1613294813.544108
1613294813.555031
1613294813.565852
1613294813.576686
1613294813.587618
1613294813.598605
1613294813.609800
1613294813.620974
1613294813.632234
1613294813.643639
1613294813.655176
1613294813.666679
1613294813.678301
1613294813.690093
1613294813.701928
1613294813.713817
1613294813.725828
1613294813.738040
1613294813.750407
1613294813.762609
1613294813.775087
1613294813.787667
1613294813.800354
1613294813.813016
1613294813.825857
1613294813.838866
1613294813.851947
1613294813.865134
1613294813.878458
1613294813.892001
1613294813.905600
1613294813.919196
1613294813.933193
1613294813.947535
1613294813.962047
1613294813.976517
1613294813.991162
1613294814.006049
1613294814.020842
1613294814.035827
1613294814.050987
1613294814.066374
1613294814.081652
1613294814.096969
1613294814.112429
1613294814.128465
1613294814.144445
1613294814.160616
1613294814.177016
1613294814.193806
1613294814.210740
1613294814.227834
1613294814.245275
1613294814.263062
1613294814.280918
1613294814.299151
1613294814.317909
1613294814.337064
1613294814.356341
1613294814.375875
1613294814.396116
1613294814.416734
1613294814.437341
1613294814.458463
1613294814.480357
1613294814.502890
1613294814.525607
1613294814.549267
1613294814.573838
1613294814.599092
1613294814.624680
1613294814.650857
1613294814.678542
1613294814.706913
1613294814.735561
1613294814.765686
1613294814.796973
1613294814.830132
1613294814.864962
1613294814.901044
1613294814.940660
1613294814.982529
1613294815.028922
1613294815.079454
1613294815.135903
1613294815.207872
1613294815.313839
